********
perceptron -digits
perceptron -faces
knn -digits
knn -faces
nb -digits
nb -faces
********
iterations 2 ...



ACCURACY

***********************
71.2, 67.1, 75.1, 76.7, 77.8, 75.9, 78.7, 79.6, 75.7, 81.6, 
74.0, 81.3333333333, 76.0, 79.3333333333, 84.6666666667, 88.6666666667, 84.6666666667, 81.3333333333, 86.6666666667, 86.0, 
77.2, 83.9, 86.0, 87.5, 89.1, 89.4, 90.2, 90.4, 90.7, 90.7, 
80.6666666667, 86.6666666667, 84.6666666667, 88.6666666667, 89.3333333333, 85.3333333333, 88.6666666667, 90.6666666667, 91.3333333333, 92.6666666667, 
68.7, 72.3, 73.8, 74.4, 73.4, 76.1, 76.0, 75.6, 75.5, 76.1, 
61.3333333333, 79.3333333333, 86.0, 86.6666666667, 86.0, 90.0, 87.3333333333, 88.0, 88.6666666667, 88.6666666667, 
***********************
75.4, 66.9, 79.5, 74.8, 74.0, 79.3, 76.0, 80.7, 80.9, 78.4, 
74.6666666667, 77.3333333333, 71.3333333333, 75.3333333333, 82.0, 85.3333333333, 92.0, 87.3333333333, 87.3333333333, 80.6666666667, 
82.9, 82.6, 85.9, 87.5, 87.5, 88.8, 89.8, 89.7, 90.5, 91.0, 
77.3333333333, 86.6666666667, 86.6666666667, 88.0, 90.0, 91.3333333333, 94.0, 90.0, 91.3333333333, 92.6666666667, 
69.7, 72.4, 74.5, 74.1, 75.8, 76.0, 76.3, 75.0, 75.7, 76.1, 
48.6666666667, 80.6666666667, 84.0, 85.3333333333, 85.3333333333, 88.6666666667, 91.3333333333, 88.6666666667, 89.3333333333, 88.6666666667, 
***********************
69.7, 78.6, 70.4, 76.1, 77.5, 77.5, 68.1, 77.5, 76.7, 80.9, 
75.3333333333, 73.3333333333, 82.6666666667, 82.6666666667, 80.0, 84.6666666667, 80.0, 83.3333333333, 84.6666666667, 82.0, 
80.2, 83.5, 86.2, 87.7, 87.9, 88.5, 90.1, 90.4, 90.7, 90.8, 
84.0, 86.0, 86.0, 86.0, 87.3333333333, 92.0, 92.0, 91.3333333333, 92.6666666667, 92.6666666667, 
66.6, 71.8, 73.6, 74.2, 74.3, 75.9, 75.1, 75.8, 76.2, 76.1, 
48.6666666667, 83.3333333333, 86.6666666667, 84.0, 89.3333333333, 88.6666666667, 88.6666666667, 88.0, 88.6666666667, 88.6666666667, 
***********************
72.1, 78.2, 76.2, 78.9, 74.6, 78.6, 83.4, 82.5, 77.5, 82.2, 
78.0, 75.3333333333, 78.0, 74.6666666667, 82.0, 83.3333333333, 88.6666666667, 84.0, 82.6666666667, 86.0, 
78.1, 86.0, 86.1, 89.4, 88.9, 89.6, 89.3, 90.5, 90.1, 90.6, 
70.6666666667, 82.0, 87.3333333333, 88.0, 93.3333333333, 93.3333333333, 90.6666666667, 90.6666666667, 90.6666666667, 92.6666666667, 
69.9, 72.4, 74.7, 75.8, 75.4, 75.5, 74.9, 76.0, 75.2, 76.1, 
66.6666666667, 79.3333333333, 84.0, 87.3333333333, 86.6666666667, 86.0, 85.3333333333, 89.3333333333, 88.0, 88.6666666667, 
***********************
71.7, 79.4, 80.0, 74.5, 76.6, 80.0, 75.1, 76.0, 81.5, 81.3, 
63.3333333333, 75.3333333333, 78.6666666667, 78.0, 82.6666666667, 80.6666666667, 84.6666666667, 87.3333333333, 86.0, 88.0, 
79.8, 82.9, 86.8, 86.3, 88.4, 88.4, 89.3, 90.2, 90.9, 90.6, 
82.0, 86.0, 84.0, 88.6666666667, 92.6666666667, 89.3333333333, 93.3333333333, 91.3333333333, 94.0, 92.6666666667, 
68.1, 73.2, 74.9, 75.2, 76.6, 75.5, 76.1, 76.4, 75.0, 76.1, 
71.3333333333, 80.6666666667, 84.6666666667, 84.0, 88.0, 85.3333333333, 84.6666666667, 90.6666666667, 88.6666666667, 88.6666666667, 

TIME


***********************
42.0220000744, 69.6180000305, 84.0039999485, 105.180000067, 127.122999907, 145.131000042, 168.368999958, 196.507999897, 209.842000008, 233.383000135, 
8.76099991798, 11.2520000935, 13.7199997902, 16.3679997921, 19.2489998341, 20.6740000248, 23.5510001183, 25.75, 29.2589998245, 30.5609998703, 
11.3170001507, 17.771999836, 22.4579999447, 26.2860000134, 31.8759999275, 35.3729999065, 43.3370001316, 47.4340000153, 49.2580001354, 51.6760001183, 
22.489000082, 24.6710000038, 27.4630000591, 30.013999939, 32.6399998665, 35.742000103, 37.9010000229, 40.4569997787, 42.7810001373, 45.493999958, 
33.9379999638, 34.5989999771, 35.4040000439, 36.504999876, 37.7890000343, 37.9760000706, 38.9440000057, 40.2769999504, 39.6089999676, 42.0629999638, 
9.74199986458, 9.85300016403, 10.2180001736, 10.5120000839, 10.4979999065, 11.3710000515, 11.6449999809, 11.6050000191, 12.3259999752, 12.3469998837, 
***********************
41.0529999733, 61.2950000763, 85.1139998436, 106.838999987, 130.473999977, 151.59800005, 168.013000011, 190.948000193, 210.959000111, 234.597000122, 
8.68499994278, 11.2409999371, 13.626999855, 15.9910001755, 18.7239999771, 22.3840000629, 24.3469998837, 25.4400000572, 28.6899998188, 30.8090000153, 
13.493999958, 17.867000103, 21.7790000439, 28.3529999256, 35.8209998608, 38.1419999599, 45.0550000668, 47.9639999866, 51.7100000381, 57.6059999466, 
23.3519999981, 25.4990000725, 28.0939998627, 31.3999998569, 34.1930000782, 35.9409999847, 38.7960000038, 41.2990000248, 44.3389999866, 48.0720000267, 
37.2879998684, 37.2070000172, 37.1759998798, 37.1909999847, 38.3079998493, 44.5529999733, 40.2669999599, 41.6949999332, 42.763999939, 43.5920000076, 
10.1979999542, 10.478000164, 11.1759998798, 10.6569998264, 13.6489999294, 12.6180000305, 12.1870000362, 12.4570000172, 13.1789999008, 14.1199998856, 
***********************
44.7009999752, 68.9210000038, 94.0769999027, 105.161999941, 129.898000002, 147.178999901, 172.083999872, 194.44299984, 211.249000072, 237.286000013, 
8.9279999733, 12.8229999542, 18.5640001297, 16.9370000362, 20.260999918, 24.2190001011, 28.1610000134, 31.2630000114, 38.503000021, 36.9359998703, 
12.248000145, 20.0569999218, 23.5290000439, 30.1549999714, 37.0090000629, 37.0090000629, 46.3470001221, 56.9769999981, 58.1239998341, 61.1920001507, 
21.7619998455, 24.7320001125, 27.0550000668, 29.635999918, 32.4579999447, 34.995000124, 37.8429999352, 40.1749999523, 42.7149999142, 45.640999794, 
33.4690001011, 37.0969998837, 35.5840001106, 36.1630001068, 36.7379999161, 37.2669999599, 38.0979998112, 38.6649999619, 40.0559999943, 40.0690000057, 
9.27099990845, 9.58699989319, 10.1000001431, 10.3450000286, 10.7679998875, 11.0249998569, 11.3220000267, 11.7769999504, 12.0509998798, 12.2880001068, 
***********************
39.603000164, 60.9240000248, 82.3569998741, 102.705999851, 123.546999931, 145.263000011, 179.079999924, 187.128000021, 206.815999985, 229.285000086, 
8.7009999752, 10.6640000343, 13.6730000973, 16.0100002289, 17.9460000992, 20.2369999886, 22.121999979, 24.3650000095, 26.731000185, 29.629999876, 
10.6240000725, 15.9069998264, 20.0970001221, 25.1589999199, 30.9990000725, 35.007999897, 39.1380000114, 44.5410001278, 48.3980000019, 54.6619999409, 
21.6979999542, 25.0209999084, 26.8280000687, 29.6080000401, 32.1009998322, 34.8420000076, 37.1920001507, 40.6679999828, 42.5559999943, 44.9390001297, 
33.4240000248, 34.5840001106, 34.9720001221, 36.3260002136, 37.4579999447, 38.0959999561, 38.146999836, 38.5460000038, 39.9230000973, 40.753000021, 
9.3220000267, 9.65900015831, 10.3450000286, 10.621999979, 10.9650001526, 11.2279999256, 11.3489999771, 11.6899998188, 11.9639999866, 12.3489999771, 
***********************
40.4400000572, 60.6879999638, 81.1410000324, 102.656000137, 122.459000111, 147.286999941, 165.253000021, 185.638000011, 206.927000046, 228.372999907, 
8.37900018692, 10.9869999886, 13.5800001621, 15.9379999638, 18.1059999466, 20.1749999523, 22.2620000839, 24.3919999599, 26.8339998722, 30.9600000381, 
10.9400000572, 16.8599998951, 26.2479999065, 24.2980000973, 29.6729998589, 35.2239999771, 38.9590001106, 43.9049999714, 49.2539999485, 52.7409999371, 
21.8510000706, 24.361000061, 27.1039998531, 29.7619998455, 32.0760002136, 34.9909999371, 37.2879998684, 39.8040001392, 42.3899998665, 45.5850000381, 
33.1259999275, 34.6989998817, 34.6430001259, 36.2540001869, 36.5490000248, 37.7050001621, 38.2769999504, 38.9389998913, 39.4570000172, 40.4220001698, 
9.38100004196, 9.90100002289, 10.1199998856, 10.2409999371, 11.0120000839, 11.371999979, 11.6440000534, 11.6689999104, 11.751999855, 11.9869999886, 
